5.503931759207197905e-01 -1.463022446332855608e-01
-1.479680162545496738e-02 1.371689846506691790e+00
-1.217916814902797462e+00 8.083139729593169509e-01
2.115957359210786648e-01 -5.619216170145102662e-01
-2.189087873844702159e+00 7.885499462465150877e-01
-8.349941117491509468e-01 9.730400373301416606e-01
9.434259072668015333e-01 2.978983307250902435e+00
8.627104449655885743e-01 1.811485610870485763e+00
2.053448295366258267e-02 7.761746863771135096e-02
1.658238145710479561e+00 6.111772210817206785e-01
