2.047398526191400059e+00 -1.182717996800548788e+00
9.004307852319995975e-01 1.881769559737986652e+00
1.015440736525891285e+00 1.142293782914847178e+00
-1.925197357654735431e-01 -6.718113533401559589e-01
-8.249932534937316486e-01 -8.194227532978418105e-02
3.821050308368024728e-01 1.155520631891737704e+00
2.664908887555441197e+00 1.120265386765336713e+00
4.789525030048094045e-01 8.164906204738127116e-01
-9.261638995017436038e-01 -5.540034997233863612e-01
-1.629131672250891505e+00 4.203641122354651594e-01
