-7.540583664416047327e-01 -6.296736161456897296e-01
5.419838459208869974e-01 6.598929156951649500e-01
8.962045675516793208e-01 7.937184794804892363e-01
9.166657959921207244e-01 1.337734670784303859e+00
1.014051561335951979e+00 5.607418625717749405e-01
2.786584479544325088e-01 1.749985876250031991e+00
9.936344086123856112e-01 1.135768080186315920e+00
9.016580590467209166e-01 6.332379432901286131e-01
-6.759290031172737745e-01 1.276762759953735393e-01
3.947198715892019649e-02 1.998740642518719302e+00
-1.315869829185194184e-01 -5.881780511547114454e-01
2.205078247436100369e+00 1.062753879867461171e+00
2.992787696931561991e-01 1.311870937032852069e+00
4.488282116533495181e-01 8.988879430380901647e-01
8.932164462873375399e-01 9.425761329217714479e-01
-2.123231900663211658e-01 1.028977365597776084e+00
9.566466713141859035e-01 4.410126648755031686e-01
2.686798253985385188e-01 8.588560408565866222e-01
2.132364080452846533e+00 -1.310786212346319424e+00
1.076723724162186535e+00 1.737897227725242910e+00
-1.389299440922046713e+00 -6.759938323957441764e-01
-7.423021356396919401e-02 2.026353999273482920e+00
2.917855989342628575e+00 -5.241132769319248874e-01
-3.917744007805890050e-02 1.924366044659175934e-01
2.180214517861789769e+00 -8.957291079524178912e-01
4.996840962381565165e-01 1.889096361738419994e+00
1.294923303233766365e+00 6.232848499256209429e-01
5.017956811980452958e-01 8.085289017098089559e-01
6.878360228602362625e-01 1.424328376957917586e+00
1.279623171286276673e+00 2.065015831022033233e+00
4.792842529025518328e-01 1.690766383580804888e+00
6.899522064801795196e-01 9.158559449062841917e-01
2.989140195492466123e+00 -1.676561595312473951e+00
3.690638386011166894e-01 1.758076709719957886e+00
-7.511961005045175721e-01 -1.794375778661062015e-01
1.063042160068277786e+00 5.614781607870238389e-01
1.128266771386538192e+00 1.587127716511976150e+00
9.891488831445687246e-01 9.580899036248702316e-02
1.196694631212420035e+00 1.816030277954793437e+00
6.191075010160929093e-01 1.200771837227958105e+00
1.381131199740032178e-01 4.742522100775435345e-01
-1.333830341017725019e+00 9.550313100394931531e-01
3.919724231696070649e-01 1.081963920102346544e+00
1.477656539116440904e-01 1.804188278640833198e+00
-1.688038826946237636e+00 6.459507690439629801e-01
-1.838635330199191453e-01 -5.983381467934415499e-01
2.407185350314311023e+00 -9.093348189146600591e-01
2.781447744796397004e+00 -1.583999347329425822e+00
6.267621128739229164e-01 1.270339156962961180e+00
-8.653769340633077345e-02 8.821491891243513628e-01
3.823265285864296814e-01 -7.014579124888488115e-01
-1.652584962129283408e+00 3.317796936369910021e-03
8.768925136667882203e-01 2.728245461972041985e-01
7.592101718461878868e-01 1.043423394740017329e+00
-1.197354196507809387e+00 -4.236261526798993371e-01
1.108358849200959950e+00 1.690167064084548976e+00
8.519794696198144113e-01 -3.499868562359143009e-01
-5.583946906649789321e-02 -5.365908070231942828e-01
3.601979269964181163e-02 -1.051583974969489521e+00
-1.764786331399094355e+00 5.107479339394557227e-01
3.430535922546420480e-01 2.177603873018284730e+00
-1.094798026368131838e+00 2.535309931958050766e-01
1.517042087522310068e+00 7.705154558683400268e-01
1.268430224765682901e+00 2.118256946920411998e+00
-1.439596040021702938e+00 1.160003274642535720e+00
2.127674466601675363e+00 9.862278255043317454e-01
2.635421478405348683e+00 1.009667378942701754e+00
-1.798372908273873527e+00 1.704363010498225472e-01
-7.710988992229399486e-01 -6.605338281723027727e-01
-1.630003708498680481e+00 5.915741008149688618e-01
-7.981292038375686904e-01 7.938781231659950421e-01
1.825465449663359552e+00 1.063325757144894856e+00
-1.326947941297584310e-01 -6.156807716643101225e-01
1.461654290029665404e+00 1.843302106104910409e+00
1.009098980423351888e+00 9.320507324663585003e-01
-8.621435226026907817e-01 -8.368357386763427552e-01
3.491568911283269849e-01 1.417842780847461626e+00
-5.564742977828884829e-01 -8.906202840233226059e-01
2.751791107994261854e+00 9.820998595513055207e-01
-4.290917697614616833e-01 -4.434770205551842870e-01
-1.894382371291645883e+00 6.753564245100016628e-01
-4.087926062155471940e-01 -8.074127095468953685e-01
-2.704282751843881671e-01 -1.001797619074838996e-01
-1.050229036639643621e+00 -1.019646530285416297e+00
1.073904515421313599e+00 2.346601270234339065e+00
1.987538503587643168e+00 -1.762117891469451081e+00
2.963207786041623937e+00 1.184788567294485118e+00
1.933540747878812915e+00 -1.955325726694146837e+00
2.428747836386523140e+00 2.770198972277504446e-02
6.558721808106700024e-01 1.475037205906697180e+00
-6.712076409498687335e-01 -4.209998034966696556e-01
2.864634053420370918e+00 1.713488876625044899e+00
1.664137239810696167e+00 1.421878962789143497e+00
-5.012744584056405550e-01 -7.983433210419865755e-01
3.914482571662766253e-01 2.352193804648519571e+00
1.165581170484592866e+00 9.566034938816642130e-01
3.212101560114833720e+00 1.345865275685651063e+00
2.449761725155180869e+00 1.893315908330703623e+00
1.072603475625897973e+00 1.156492103617391853e+00
-1.084092205245102969e-01 1.430120011473017483e+00
