1.504544473068904820e+00 1.335213755045268957e+00
9.735159411016861553e-01 1.103552711697450395e+00
-2.074084902559040877e+00 1.285822818115200938e+00
-9.212059422373108930e-02 1.674340417593754182e+00
2.652999872062545839e-01 3.091410317281249487e+00
5.318704905109843395e-01 -3.477441478056274571e-01
1.608107103543437777e+00 1.591595277481052007e+00
4.435064549593167871e-02 -9.222271311675644956e-01
-9.116512864603341093e-01 7.664881817705603284e-01
-1.094066987515194683e-01 1.552114132216913855e+00
2.177562969553205274e+00 6.102186819181287802e-02
1.349865578430689439e+00 3.412496885048133421e+00
-1.639156262154578325e+00 1.051940811272325860e+00
-1.340685548876940081e-01 1.456812411960676235e-01
2.273247842422221332e-03 -9.045084708359552028e-01
-3.562371789193665150e-01 1.580825140694028574e+00
-6.961503907288747461e-01 9.955017076937333620e-02
4.940768580579643632e-01 1.411732827671417834e+00
-6.438730943164853171e-01 -1.368219714764893347e-01
2.784103927594333561e-01 8.669695780628700055e-02
-1.143494322825866050e+00 4.826396154725896559e-01
-4.994407197680380550e-01 1.555169974413431966e+00
-2.359401667586621953e-03 1.072338071600504872e+00
7.568516992222961148e-01 -6.293932322830431136e-01
-1.632822592267268558e+00 1.001624999060542365e+00
-1.942249436261077378e+00 -4.063727987489171856e-01
1.834673458898649301e+00 1.505513995132113259e+00
1.373122921059368284e+00 2.963511892035751050e+00
5.587266899139812226e-01 6.510795205519778195e-01
-1.343252800714974882e+00 6.197102933821112547e-01
4.555127443586359792e-01 -1.235384744765181675e-01
9.585110483513309410e-01 -9.330126268467522910e-02
-1.065048783850468528e-01 6.038314926193519838e-01
-2.548655363551215025e+00 1.254172764491773284e+00
9.683265055183087888e-02 -5.406545382996249538e-01
3.053211175399992983e-01 -5.309637119338319611e-01
6.115501770223831235e-01 -2.694496514913534146e-01
8.859706072173353375e-01 2.175342720422645648e+00
7.771794202085078318e-01 2.441342485041446242e+00
-1.431363759603824670e+00 9.056807953542878042e-01
7.279706377351512492e-01 1.457391345396745197e-01
1.146354527080411412e+00 -7.272481577063177882e-02
7.161842450221952983e-02 1.528356205402376933e-01
-2.177438415692012796e+00 5.404409970276358166e-01
5.868283717122108056e-01 1.814382605923223202e-02
4.674736044120181844e-01 9.123850253676197841e-01
-1.435337203074269208e-01 1.787264809829671508e+00
-1.795403834453157099e+00 1.272437685093294357e+00
1.903946292970464693e+00 7.309233577458187359e-01
-1.715450148947462949e+00 1.130540060261140400e+00
-2.752961911551902841e+00 6.983597992020653678e-01
4.276719880119951855e-01 -9.889759951131056326e-01
1.456840901657128873e+00 2.167140884518599542e+00
1.018347222406438046e+00 1.494266647849016527e+00
-6.815036982225692874e-01 1.124771149223024458e-01
-1.789374923577405907e+00 5.047831525080470616e-01
-1.040099082036735068e+00 9.579476778862109354e-01
-2.223421585503198905e+00 1.310340993284361710e+00
-1.977561150337952878e+00 1.695677615385400516e+00
-1.043788124038814935e+00 8.771477563589440418e-01
-2.396682904876527243e+00 -1.385351538604584487e-02
-1.467943972218964666e-01 9.063976597639911148e-02
7.318151537220525249e-01 -1.073561846881698756e+00
-1.521827644389546486e-01 1.113858581406622861e+00
1.368342648533417361e+00 8.371088235470697247e-01
-4.478306010087600986e-01 2.179686271203054027e-01
-1.683914742576217094e+00 6.501210003454387376e-01
1.161976286188533880e+00 -1.779046847757512206e-02
1.247423868901185173e+00 2.225112150913731490e+00
7.150282581559493922e-01 2.245548553038028583e+00
2.511100504598747785e-01 -3.050816961337248223e-01
-8.071263183835553079e-03 -2.653113549098544133e-01
-9.419387892171222632e-01 1.020231137870426963e+00
-6.445194532597968706e-01 6.342117702460411399e-01
-1.598443770966522681e+00 1.376015488967463174e+00
-2.452507780275761551e+00 1.051011818084802041e+00
1.758643721207834520e+00 -3.132809928530255750e-01
-4.175852443172019535e-01 2.340753602398195632e-01
1.036631802520314949e+00 2.844498843842889091e+00
9.596832376435799894e-01 5.849950728153634483e-01
-2.186740384991306740e+00 8.981812490285683293e-01
-7.742748273926457203e-02 7.426266537935923007e-02
3.365965368647979572e-01 3.491992687437011078e-01
-9.197134576496928116e-01 1.052307979362390178e-01
5.796693945153563732e-01 3.215681061140860386e+00
-9.824673351102994889e-01 1.139649474378451544e+00
1.206155126524307120e+00 1.636243112503770858e+00
9.029958481490290012e-01 1.581368693331439035e+00
1.568745646156026297e+00 8.138964626946075809e-01
7.703749534240127428e-01 -4.791565082307495671e-01
-1.185833145329667992e+00 1.364398226724633512e-01
6.250581700199022706e-01 1.281508334504165569e-01
1.403632654489823883e+00 3.005274769205760865e+00
-1.227318073172789514e+00 5.930734446442604835e-01
3.494375090247700544e-01 1.704849642170068735e+00
1.496352602718777458e+00 1.090058840384835692e+00
2.878941715805581891e-01 1.964928736499879314e+00
7.088446195970344865e-01 -2.874089436164954936e-01
5.131943450494338421e-01 1.478024147340969208e+00
-1.786021016668624117e+00 9.838261386831805844e-01
