1.353737847282157292e+00 7.957324562070601459e+00
2.467901830304163546e+00 8.553736378617003311e+00
3.178719018618902048e+00 7.226873942913122129e+00
1.535227090505087544e+00 6.681938193060175557e+00
-5.054351711930631375e-01 9.612506015265978476e+00
1.336840270667635444e+00 8.308711605119379229e+00
1.185519428397220576e+00 8.766190600675917821e+00
2.260684154826132719e+00 8.683221707043490056e+00
2.225818489424032265e+00 7.613254276847459145e+00
6.552147901631567573e-01 7.130496910436513680e+00
1.022588809620968542e+00 7.767696808538248732e+00
9.949669800644128648e-01 7.243546252694262222e+00
1.437808255566899840e+00 8.664516491284619093e+00
3.423459959204233627e-02 8.729221922564354585e+00
3.045538584735552945e+00 7.576992876949416811e+00
1.671384827497963466e+00 8.348934249903379623e+00
3.185352032444489723e+00 8.175810163310217149e+00
3.484479579119230230e+00 1.068723619458132568e+01
2.230364677173248822e+00 9.436951180305488407e+00
1.968595366991268802e+00 9.679232242019921273e+00
1.710598552965626240e+00 5.316635955711902284e+00
1.078235447342413167e+00 7.394208800279526983e+00
3.470894187972792810e+00 6.882268552928396232e+00
1.793621849076728392e+00 7.401066475564696212e+00
2.914231285451977183e+00 5.948690696255223287e+00
1.968607086987262278e+00 5.878150016181757920e+00
3.215009956257506296e+00 8.096051666529129776e+00
3.593913886777190037e+00 6.687296735901248290e+00
1.975557328572918658e+00 7.482999247887601513e+00
1.676520546439212556e+00 6.405906405941486526e+00
-4.918783759427567404e-01 7.207600130428240881e+00
2.359800934493807567e+00 5.193203521375022724e+00
2.192959824251325962e+00 5.078592535406322384e+00
2.338575162313618616e+00 7.382766219496002869e+00
1.501890151220930392e-02 7.767569366168126876e+00
1.198676176333921761e+00 5.504867196698846499e+00
3.524715606910024945e+00 7.129909313924870595e+00
2.533371180763741570e+00 8.965604412780475485e+00
3.647062615208457537e+00 5.260866320485056313e+00
6.396173321576910098e-01 6.282894884755668485e+00
1.788477695447132421e+00 3.419264723371668424e+00
4.613583243576316661e+00 4.644167232939581780e+00
4.125190315527196283e+00 6.705578394017737587e+00
3.646319773587626045e+00 4.715118716852165548e+00
3.769286707722455887e+00 7.028951779909217379e+00
3.266955316998103598e+00 5.590459914102048344e+00
4.311340661831983390e+00 4.230528267440857526e+00
2.913376095743820837e+00 3.777919628798450002e+00
3.455559702021557378e+00 3.374467730763365481e+00
3.068576682151658463e+00 5.292129512040773420e+00
2.154137684753970383e+00 5.878596749295336821e+00
1.765024030293407042e+00 4.692894838457130291e+00
4.335839902647000699e+00 5.877616916989861551e+00
3.612248281618986923e+00 3.350307353706631019e+00
2.958097042351013783e+00 7.554007993285296152e+00
2.646844807419756584e+00 4.867697435070423850e+00
6.241114082294694221e+00 7.361535810901573385e+00
2.646842228346583337e+00 4.777154795015672306e+00
2.230817638417505577e+00 5.364019274055524811e+00
3.749750344616350262e+00 5.475441567985972924e+00
4.837944868746128613e+00 6.648374302048519091e+00
6.224314052228073102e+00 7.197620378489292037e+00
4.099661929355947976e+00 8.750422103228537196e+00
5.293162256753983996e+00 7.922533302847861947e+00
5.475787338712807539e+00 8.063327230308065197e+00
5.187742571077087916e+00 5.288556001213574831e+00
6.521634337294209161e+00 7.977774522795028744e+00
4.706054516717462555e+00 5.912116033353896682e+00
3.946525446359317790e+00 7.349205284530834881e+00
6.024954446998424196e+00 6.858647294396925886e+00
4.644518860233142199e+00 6.111809149650865969e+00
4.915875444232486124e+00 7.896330210666681282e+00
3.824923394556729139e+00 8.775814338772249812e+00
5.467907407819111221e+00 7.605592253220831545e+00
4.038523987658814818e+00 6.467276761432092513e+00
6.534661778797921983e+00 7.347455362474192953e+00
4.861581607481731737e+00 6.895309524049404892e+00
4.093761885685013979e+00 8.959726791534260215e+00
5.323516756199606625e+00 1.031286414688072917e+01
4.320539892673673776e+00 8.855050176618838975e+00
5.653216860564301172e+00 5.328537179245192767e+00
7.379986881609189808e+00 6.883401946988868758e+00
5.396232250251586038e+00 5.235268385384254763e+00
6.626163311345061757e+00 4.032035654657276424e+00
5.446359939329730615e+00 6.247420912336624887e+00
6.454688326883648131e+00 4.247861097264069130e+00
7.124418834984321158e+00 6.084141904019106484e+00
9.965175677289881406e+00 8.230033967785868043e+00
5.953739160146689358e+00 5.814233086738788359e+00
7.581315372090818627e+00 3.403226352981558289e+00
6.146322307974618759e+00 4.583034423235663013e+00
8.412388880476786568e+00 5.607289943131798182e+00
8.186496097976759145e+00 4.438543228359433712e+00
7.952835196481276014e+00 6.841536020079757918e+00
7.767007557541244722e+00 5.874667860997552005e+00
7.441446756571856724e+00 6.493330015890523832e+00
6.023224193016441852e+00 5.201353527110958552e+00
6.246201232681781512e+00 7.044222262049067318e+00
5.704544253285274813e+00 5.014834187095959628e+00
5.795719695076271272e+00 4.087661494959944797e+00
4.142800534127779599e+00 4.196856152867612266e+00
2.693977395901519856e+00 2.546647114042991156e+00
1.269805160480894646e+00 4.759816390670611241e+00
2.689082645782625125e+00 2.422605042314462942e+00
2.024847317698219573e+00 5.158035847510736183e+00
1.076343179912056414e+00 9.929133425048584094e-01
1.722144413929764806e+00 3.056541596505864433e+00
2.561731924321759557e+00 5.536142140872914119e+00
2.857940088312805216e+00 1.784087512672296372e+00
1.169622853544813434e+00 2.509068484349058270e+00
1.810804587972749680e+00 3.570409929401282323e+00
3.819791658116551858e+00 3.212954647109195427e+00
2.411596026272870841e+00 5.311112903445463829e+00
2.669388911801202635e+00 2.599687354187984578e+00
2.454832621987991015e+00 4.863218207684032457e+00
1.302927692786077341e+00 1.991066138210898728e+00
3.030283774043367906e+00 3.635106478815866460e+00
2.728670801772835830e+00 3.190060748746427866e+00
4.513120727593062043e+00 1.889463883968843128e+00
1.964853146351782653e+00 3.117224402708271391e+00
4.132494269758828054e+00 2.756258964702462677e+00
3.498085323499541932e+00 1.298938809204600808e+00
1.328164025521939129e+00 4.998833197264993533e-01
2.945505528583599375e+00 6.436088847141434588e-01
-1.024049397426857411e+00 -1.227823044205072822e+00
3.832133077699041213e+00 2.285646604251896807e+00
4.510341250945153035e+00 -8.086599042177806673e-01
1.823881463692876403e+00 3.858479983950724446e-03
4.370491951850588919e+00 1.240700747759379219e+00
1.502691159884966376e+00 2.396596881253985067e+00
4.994177695979235665e+00 1.588694839989527097e+00
3.622457860827453580e+00 3.808866102632551875e+00
3.394558294878515348e+00 1.217978527733762251e+00
2.038312254484167418e+00 3.265580216338613173e+00
3.013258089253362026e+00 3.392977640839983877e+00
2.835278765329858786e+00 5.929970203271842655e-01
2.388090822338837960e+00 2.361691218662232306e+00
2.880273692735847213e+00 2.475798648778087419e+00
1.931715336689983298e+00 2.261571695973003671e+00
2.243436257848392401e+00 2.956539395164925477e-01
4.640075277039198198e+00 5.108956533003478739e+00
4.652718132921648042e+00 3.491996775137906184e+00
2.141800357267943600e+00 4.454562738789459075e+00
2.552939545218420037e+00 3.839843587174117889e+00
3.243957521686402057e+00 5.409927418291318624e+00
4.959740315783725428e+00 3.535573737389269056e+00
1.228238747008104426e+00 3.116013331250718110e+00
4.871706009732704956e+00 4.766178713497251529e+00
2.269438542582718377e+00 2.572043621902989408e+00
3.323427969956806116e+00 1.205111039260591266e+00
3.713455318920721115e+00 4.592084351270823817e+00
4.660122719448867912e+00 3.339118734365096319e+00
5.987966642516729721e+00 3.249463935824204786e+00
2.099310270546190349e+00 5.895713592429899563e+00
2.819403609887075834e+00 1.824161573055119501e+00
4.372633213411050157e+00 2.465199985983581144e+00
2.426441160232805316e+00 3.788140300992811849e+00
1.533500857348762958e+00 5.544955324382486950e+00
4.942075642821254888e+00 5.441896767704845317e+00
2.366013535575932636e+00 2.477093962669732363e+00
7.718868946944711595e+00 4.405309818084178985e+00
5.044810663901627024e+00 4.595956301426438628e+00
5.969028220804288409e+00 3.833883854141390213e+00
5.688848832658619514e+00 4.178713211679850659e+00
7.816032197334568998e+00 2.943792438278371559e+00
5.952541488012959903e+00 4.958260038308513806e+00
5.269416588130479973e+00 2.708817950930209051e+00
8.369808363730488310e+00 4.430390562122052955e+00
6.719788809714571265e+00 3.459264228695905441e+00
6.555019214893476054e+00 2.182617759423632453e+00
3.190030327664810983e+00 1.972875605478676464e+00
5.054522465780555862e+00 4.077171938885113534e+00
4.974173104686569147e+00 4.207832049535129570e+00
4.882520601681613392e+00 3.795428441910122519e+00
7.880635275392763539e+00 3.978303736713621142e+00
5.522408923451667562e+00 3.848551623533514210e+00
6.656192401211919574e+00 3.328298203526914634e+00
6.970845834873587776e+00 9.675184162625476425e-01
8.703334028780748355e+00 1.741084202325739794e+00
5.492426173719383797e+00 2.921926775725495418e+00
7.570938795310625302e+00 1.061865439782442522e+00
8.074097867417949104e+00 -2.239439541828099234e+00
8.448089164347562630e+00 1.386884074305537062e+00
7.949170456681764030e+00 3.189520420700585834e+00
6.667640785967837935e+00 1.825042897434416389e+00
6.925686712297736136e+00 1.589455278287102757e+00
8.905460750357159228e+00 -6.115579415317751177e-02
6.834771398048607338e+00 1.478465763809874156e+00
9.028533687874988445e+00 2.452563533600129020e+00
7.287330874637790501e+00 -3.855614034601633211e-01
7.694223432651465799e+00 5.944993426536384629e-01
8.140003798054392448e+00 3.104732050222216877e+00
8.349606366165163607e+00 3.710340615023659971e+00
9.179807364891974686e+00 4.278584098868295271e+00
6.840516033187408418e+00 2.156095786943482473e+00
7.215720690258245362e+00 2.310782335821397471e+00
5.436885776538353809e+00 8.573201112722770301e-01
1.094639869836673007e+01 1.932168828971621011e-01
6.955825252689883165e+00 1.296184706917359097e+00
9.760670200347210113e+00 2.387364043955086945e+00
5.504100468977699556e-01 2.752201126148202004e+00
3.757213099827594327e+00 4.956230997953811723e+00
3.722085475566179635e+00 5.009062633938005327e+00
3.722153305225994746e+00 4.576998539310233483e+00
8.960533479250241129e-01 6.282647681933972272e+00
2.934581132004354220e+00 3.253475196764541444e+00
3.877809894427015625e+00 5.495193727175129439e+00
5.730427139567869865e+00 4.902677398175367074e+00
3.391900006178145688e+00 5.976658683786928883e+00
2.079759538341121150e+00 6.096650617177515663e+00
3.299545856104469266e+00 6.774772190824654317e+00
2.924049071921795750e+00 3.895877582115327975e+00
5.328203392524464732e+00 3.934144621665608188e+00
5.828671821836246991e+00 4.365643170763459757e+00
3.953716975388606780e+00 3.674595857388200049e+00
4.194146111812377953e+00 4.919025194635466391e+00
4.636723249499588029e+00 5.695945587702852642e+00
4.314345796323559412e+00 1.429005128966959859e+00
4.298467366281573554e+00 4.258167934384935904e+00
4.153010617500385138e+00 5.278926871431091072e+00
5.493733340070551030e+00 8.121870582648819337e+00
6.717366746640959008e+00 6.281817236417007067e+00
4.092519846494196756e+00 6.257232925736834872e+00
4.344428817190275183e+00 5.260055256122803335e+00
4.153778701060206302e+00 4.807766933943963039e+00
4.627414877893167855e+00 6.278859649914081409e+00
4.853811720328795154e+00 4.904074101733222335e+00
3.878470109426660706e+00 6.187675952204267027e+00
8.485100505145677374e-01 4.891808459893285388e+00
5.693539825015541567e+00 4.082976340108567470e+00
3.916401683892695829e+00 7.351657712486866281e+00
5.768077780555056044e+00 5.291525631358729775e+00
3.269934040471813574e+00 4.975881699939761482e+00
6.792896710024905360e+00 5.069198370197577574e+00
5.913241659183796628e+00 4.090506639756603668e+00
3.677052902058360218e+00 5.078286743358062516e+00
5.988148999848716514e+00 5.078421256735689227e+00
4.079625068243986519e+00 6.378815820823945160e+00
5.776980090978694804e+00 6.012514599312741126e+00
5.503582102683314048e+00 6.588267892237634982e+00
4.592816073795900067e+00 1.637203604690851577e+00
6.017070189403274760e+00 1.427871014401141281e+00
5.509849774734165706e+00 3.190521206629208351e+00
3.553487515505111549e+00 1.458960212874657714e+00
4.987451207709629131e+00 1.034001570051752417e-01
6.201047341854184936e+00 2.599470722185754479e+00
6.414641408704790493e+00 -9.655638209672146033e-02
5.793984530214985718e+00 4.575688610770881404e+00
6.227402246230738569e+00 -7.223677993329515878e-01
3.246803918873908401e+00 7.992507012173686309e-01
4.102758694482432134e+00 2.618938011200574234e+00
4.095287927392661231e+00 4.184406514943012745e+00
4.772684086719762853e+00 4.107737626413241472e+00
5.936483073532675014e+00 2.764837034290749784e+00
5.574720635129685853e+00 4.094464287484561815e+00
4.918684408959365761e+00 5.460319103478987746e-01
2.784068462207439865e+00 1.569718455953567959e+00
5.994563835624284742e+00 2.143195057560806305e+00
3.122018071636055492e+00 3.074779996025608142e+00
6.615116167838265504e+00 7.474822111151140369e-01
7.188607552316727656e+00 4.171428856759468395e+00
5.865853870480457033e+00 3.962220313982061093e+00
4.841432029694351158e+00 5.572131013698831126e+00
5.571154998153681426e+00 4.769131474223168965e+00
6.698774727916978478e+00 3.201450548319046518e+00
6.050358125659551334e+00 4.358856663437336465e+00
4.306543085178771157e+00 7.158858894812572871e+00
7.935615039045286423e+00 4.067791996262607235e+00
4.451921857210753508e+00 4.081997657586423855e+00
4.155006762740430126e+00 3.185116365962670226e+00
6.791261816587089939e+00 2.496084841790373599e+00
5.706707890071178291e+00 5.975248734549452045e+00
2.709258171856170350e+00 4.419372476116429027e+00
5.177250280227859491e+00 5.557839116747119057e+00
7.594213413673264412e+00 5.049004240685938782e+00
7.859532006090860889e+00 6.510524106303878789e+00
6.059832208886529514e+00 5.947760481316989534e+00
6.125189280448365636e+00 2.381954856696234302e+00
4.317164614760208963e+00 2.893915488920769441e+00
5.735159593853222049e+00 2.707487387106815913e+00
8.424663803585429989e+00 8.226227712642733891e+00
7.866697617630380890e+00 4.480262052490121327e+00
8.668266970978908859e+00 8.607424974760764513e+00
8.683408055771490552e+00 7.876471775100931438e+00
8.141462279093655496e+00 6.097162363723443335e+00
5.877907208008416262e+00 7.095833710416922457e+00
8.375870801545257649e+00 6.574713297846842330e+00
1.011631583939935730e+01 5.107902587330616306e+00
7.076805555638731704e+00 5.972028070262232369e+00
7.640527358150732695e+00 8.969102793970741061e+00
9.745118318290467485e+00 6.585840357742027251e+00
9.173866291315107446e+00 6.475927708562282170e+00
8.967950251809693185e+00 7.036574068381768576e+00
8.911640166058703016e+00 9.506799122445471539e+00
7.703943815093420078e+00 5.675952838295693859e+00
7.429425611087204118e+00 6.370106387092664413e+00
7.993109671099804636e+00 6.014053468886029208e+00
7.613982299226955242e+00 8.988904237694324451e+00
6.462525543825024421e+00 5.856961666014876222e+00
8.220405146598634971e+00 6.211765400386810576e+00
